6 14 3 0
E 0 14 0
6 0 0 0
6 14 3 0
E 0 14 0
6 0 0 0
6 14 3 0
E 0 14 0
6 0 0 0
6 14 3 0
E 0 14 0
6 0 0 0
6 14 3 0
E 0 14 0
6 0 0 0
6 14 3 0
E 0 14 0
6 0 0 0
6 14 3 0
E 0 14 0
6 0 0 0
6 14 1065600912 0
E 0 14 0
6 0 0 0
6 14 444098448 0
E 0 14 0
6 0 0 0
6 14 920233872 0
E 0 14 0
6 0 0 0
6 14 -1254369392 0
E 0 14 0
6 0 0 0
6 14 1042024336 0
E 0 14 0
6 0 0 0
6 14 1009317776 0
E 0 14 0
6 0 0 0
6 14 -494356592 0
E 0 14 0
6 0 0 0
6 14 573835152 0
E 0 14 0
6 0 0 0
6 14 2 0
E 0 14 0
6 0 0 0
6 14 2 0
E 0 14 0
6 0 0 0
6 14 2 0
E 0 14 0
6 0 0 0
